              precision    recall  f1-score   support

           A       0.82      0.97      0.89       331
           B       0.95      0.88      0.91       432
           C       0.93      0.93      0.93       310
           D       0.61      0.53      0.57       245
           E       0.74      0.88      0.81       498
           F       0.99      0.68      0.80       247
           G       0.69      0.70      0.70       348
           H       0.84      0.57      0.68       436
           I       0.54      0.63      0.58       288
           K       0.66      0.31      0.42       331
           L       0.76      0.99      0.86       209
           M       0.60      0.55      0.58       394
           N       0.42      0.28      0.34       291
           O       0.79      0.81      0.80       246
           P       0.97      0.88      0.93       347
           Q       0.51      0.87      0.64       164
           R       0.25      0.72      0.38       144
           S       0.30      0.29      0.30       246
           T       0.49      0.54      0.51       248
           U       0.38      0.59      0.46       266
           V       0.60      0.38      0.46       346
           W       0.37      0.51      0.43       206
           X       0.75      0.84      0.79       267
           Y       1.00      0.41      0.58       332

    accuracy                           0.66      7172
   macro avg       0.66      0.66      0.64      7172
weighted avg       0.70      0.66      0.66      7172
