              precision    recall  f1-score   support

           A       0.92      1.00      0.96       331
           B       0.96      0.94      0.95       432
           C       0.95      1.00      0.97       310
           D       0.89      0.99      0.93       245
           E       0.91      0.99      0.95       498
           F       0.92      0.91      0.92       247
           G       0.93      0.87      0.90       348
           H       0.99      0.94      0.97       436
           I       0.86      0.80      0.83       288
           K       0.72      0.67      0.69       331
           L       0.84      1.00      0.91       209
           M       0.86      0.72      0.78       394
           N       0.82      0.56      0.67       291
           O       0.99      0.90      0.94       246
           P       0.93      1.00      0.97       347
           Q       0.93      1.00      0.96       164
           R       0.32      0.59      0.41       144
           S       0.60      0.84      0.70       246
           T       0.63      0.82      0.71       248
           U       0.65      0.60      0.63       266
           V       0.80      0.54      0.65       346
           W       0.44      0.60      0.51       206
           X       0.83      0.69      0.75       267
           Y       0.93      0.62      0.75       332

    accuracy                           0.83      7172
   macro avg       0.82      0.82      0.81      7172
weighted avg       0.84      0.83      0.83      7172
