              precision    recall  f1-score   support

           A       0.95      0.98      0.97        60
           B       1.00      0.92      0.96        60
           C       0.98      1.00      0.99        60
           D       0.98      0.98      0.98        60
           E       1.00      1.00      1.00        60
           F       1.00      1.00      1.00        60
           G       1.00      1.00      1.00        60
           H       1.00      1.00      1.00        60
           I       1.00      1.00      1.00        60
           J       1.00      1.00      1.00        60
           K       1.00      1.00      1.00        60
           L       1.00      1.00      1.00        60
           M       1.00      1.00      1.00        60
           N       1.00      1.00      1.00        60
           O       1.00      1.00      1.00        60
           P       1.00      1.00      1.00        60
           Q       1.00      1.00      1.00        60
           R       1.00      1.00      1.00        60
           S       0.98      1.00      0.99        60
           T       1.00      0.98      0.99        60
           U       1.00      1.00      1.00        60
           V       0.97      0.98      0.98        60
           W       0.98      1.00      0.99        60
           X       0.98      0.97      0.97        60
           Y       1.00      0.98      0.99        60
           Z       1.00      1.00      1.00        60
         del       1.00      1.00      1.00        60
     nothing       0.97      1.00      0.98        60
       space       1.00      1.00      1.00        60

    accuracy                           0.99      1740
   macro avg       0.99      0.99      0.99      1740
weighted avg       0.99      0.99      0.99      1740
