              precision    recall  f1-score   support

           A       0.00      0.00      0.00        60
           B       0.00      0.00      0.00        60
           C       0.00      0.00      0.00        60
           D       0.00      0.00      0.00        60
           E       0.00      0.00      0.00        60
           F       0.00      0.00      0.00        60
           G       0.00      0.00      0.00        60
           H       0.00      0.00      0.00        60
           I       0.00      0.00      0.00        60
           J       0.05      0.25      0.08        60
           K       0.00      0.00      0.00        60
           L       0.00      0.00      0.00        60
           M       0.12      0.30      0.17        60
           N       0.00      0.00      0.00        60
           O       0.23      0.12      0.16        60
           P       0.18      0.45      0.26        60
           Q       0.00      0.00      0.00        60
           R       0.00      0.00      0.00        60
           S       0.00      0.00      0.00        60
           T       0.08      0.78      0.15        60
           U       0.00      0.00      0.00        60
           V       0.03      0.02      0.02        60
           W       0.17      0.37      0.23        60
           X       0.00      0.00      0.00        60
           Y       0.24      0.17      0.20        60
           Z       0.00      0.00      0.00        60
         del       0.00      0.00      0.00        60
     nothing       0.00      0.00      0.00        60
       space       0.00      0.00      0.00        60

    accuracy                           0.08      1740
   macro avg       0.04      0.08      0.04      1740
weighted avg       0.04      0.08      0.04      1740
